  0  0 30 0.00 0.00 0.00     0 0.00 0.00 0.00     0 0.00 0.00 0.00     0 inf
  0  0 30 0.00 0.00 0.00     0 0.00 0.00 0.00     0 0.00 0.00 0.00     0 inf
  0  0 30 0.00 0.00 0.00     0 0.00 0.00 0.00     0 0.00 0.00 0.00     0 inf
  0  0 30 0.00 0.00 0.00     0 0.00 0.00 0.00     0 0.00 0.00 0.00     0 inf
  0  0 30 0.00 0.00 0.00     0 0.00 0.00 0.00     0 0.00 0.00 0.00     0 inf
  0  0 30 0.00 0.00 0.00     0 0.00 0.00 0.00     0 0.00 0.00 0.00     0 0.003
  0  0 32 0.00 0.00 0.00     0 0.00 0.00 0.00     0 0.00 0.00 0.00     0 0.005
  0  0 32 0.00 0.00 0.00     0 0.00 0.00 0.00     0 0.00 0.00 0.00     0 0.005
  0  0 32 0.00 0.00 0.00     0 0.00 0.00 0.00     0 0.00 0.00 0.00     0 0.006
  0  0 32 0.00 0.00 0.00     0 0.00 0.00 0.00     0 0.00 0.00 0.00     0 0.005
  0  0 32 0.00 0.00 0.00     0 0.00 0.00 0.00     0 0.00 0.00 0.00     0 0.005
