  3 28 28 37.64 41.57 43.23 21392 0.00 0.00 0.00     0 37.17 41.32 42.98 10960  2560 0.283
  3 28 28 37.64 41.57 43.23 21392 0.00 0.00 0.00     0 37.17 41.32 42.98 10960  2560 0.311
  3 28 28 37.64 41.57 43.23 21392 0.00 0.00 0.00     0 37.17 41.32 42.98 10960  2560 0.281
  3 28 28 37.64 41.57 43.23 21392 0.00 0.00 0.00     0 37.17 41.32 42.98 10960  2560 0.289
  3 28 28 37.64 41.57 43.23 21392 0.00 0.00 0.00     0 37.17 41.32 42.98 10960  2560 0.302
  3 28 28 37.64 41.57 43.23 21392 0.00 0.00 0.00     0 37.17 41.32 42.98 10960  2560 0.281
  3 28 28 39.53 41.31 42.20 18624 0.00 0.00 0.00     0 39.52 41.35 42.24  6357    88 0.221
  3 28 28 37.64 41.57 43.23 21392 0.00 0.00 0.00     0 37.17 41.32 42.98 10960  2560 0.290
  3 28 28 39.53 41.31 42.20 18624 0.00 0.00 0.00     0 39.52 41.35 42.24  6357    88 0.221
300 28 28 39.53 41.31 42.20 18624 0.00 0.00 0.00     0 39.18 41.29 42.01   586   216 0.511
 48 28 28 38.69 39.16 40.11 23192 0.00 0.00 0.00     0 37.54 38.66 39.66  1487   550 0.553
 48 28 28 38.69 39.16 40.11 23192 0.00 0.00 0.00     0 37.54 38.66 39.66  1487   550 0.538
